36
010001010101111111111100111000000011
001100010110100001111100001001001101
111100001011011100110011000010100111
000111011011000101110111000111011001
110100001100001010011101010000100001
111011000100000100101011111110011100
110101010011101010011000111001001010
000111010100000111101011100010011110
111111010011001000110100110100110011
111011101100111001011111000010001111
001110010011001101001010100000000111
100110000001011100000110010110010110
111110110010110111101001100000111110
011010010101111100111000001110100001
110101000111110010100110001010100001
111000111110010100100111101111011000
000101000011111001001001000011010100
110000010110011010111100101000001101
010000001010011101100000000100011010
100111111000001110000010110111000111
100110000010001000100010110000000100
001110010001110111100100000000001110
001101110100000111000010010010110010
101111001101101011111001000010010101
001110100101001100110000110000100000
101111011010101000000010101001001000
110011010111000011011101010100110100
000100011011000101110000100010101011
010100110110100101100100110100001111
001010111111001001010000000101110110
110001111101010000100010100101100000
101000011111110010000011100011010111
100011111110000010001110100100010101
010001100110111101111111011110100101
000010110000001010000010100110100011
101111110110111000000101010000111011
011001011110111001000110011000001001
010010100000100001001111100110001111
000010111010100001001101110001010011
100011100010111001111111110000111111
011010101111000010010110100101110011
100111111101111010101001000110000111
100101000110001000010011000011001001
110110101010001000011000101010100101
010001010100100010101001110111100100
110010011101111100100111100000000010
101111010111000100111111110101110100
000010111101010110001110100011111010
111011000111110000100101110010000111
100110101101111000010010100000011101
END
