36
000110100001100100110011110101101101
000000000000000000000000000000000000
000000011101110100000110101101101100
101110101101011100110001000110000000
111011110110011010011101101100010001
111110110100111111100110101110111001
011010100011011111000011100010100110
001010010010100010101000101001100111
001010100011110110011100000001011100
101101101011110111110111010100011111
000010111010101111010111000000111000
111010111010001010010001111110110000
000110101011011001110110100001101011
001101111101011010001101100100111011
011001011100000011101001110100110110
010001010000101001000011001010001011
001001111111001100111001100011111100
011011111010101100101001010110011010
000001111010000011001110100001010010
011100011101101101001110010011000111
001001001100010001110100101011001000
011101100110000011000101000111000110
100110000011010110010111010010000011
010101011111001111000111111000100001
101111110001110011010010001001110101
111001101110100101001000100100010010
011010100000111110010100110100100000
001111010100001111101111111000000111
100000100011111001011100001111010100
101000000011101010011000011100111110
101111111110011110100110011110101111
100010001010100010010110000111011000
101011001011000100011110011001000001
011011100001011110110010110011001110
000010000001000010010110101100111110
100101010101110100111111001000001111
110001101111000000110011101010111010
011010001101011011101101000100111011
011111011101011110010110100111010000
001010100010100010110100001111001000
110100000000111100110011100101101011
001001001110010000011111110101111111
111110100000011001100010111011000101
100101000111011110101101111011110010
000000110101000101100011001111010111
111100001010001100101001000000011111
100110111101111111000001010100010010
100111000001111000010000100010011000
111011011101110010111101001101110001
101110010101101110111111111000001001
001010010011010110111110000110010011
000001011110011001110000001111001110
END
